scene0
pipe
#3132,232,80,80,0,0
661,769,1262,40,1,0
21,390,40,800,0,0
661,44,1262,40,1,0
1278,489,40,524,0,0
1922,769,1262,40,1,0
1783,40,987,40,1,0
2564,390,40,800,0,0
3958,769,2791,40,1,0
3852,270,40,536,0,0
3330,50,1006,40,1,0
21,-369,40,800,0,0
21,-1128,40,800,0,0
661,-1476,1262,40,1,0
661,-1476,1262,40,1,0
1923,-1476,1262,40,1,0
3185,-1476,1262,40,1,0
502,-712,928,40,1,0
1923,-712,1262,40,1,0
1277,-1004,40,568,0,0
2542,-1004,40,568,0,0
3850,-1131,40,800,0,0
3853,-371,40,800,0,0
2560,-371,40,800,0,0
3064,-711,986,40,1,0
1282,-462,40,560,0,0
4606,-37,1488,40,1,0
5333,348,40,812,0,0
haze
#last nums represent door numbers
1922,406,1264,696,2
#3208,406,1264,696,3
650,-330,1224,696,4
1934,-334,1264,705,5
3208,-334,1250,705,6
648,-1092,1264,730,7
1910,-1092,1220,730,8
3203,-1092,1264,730,9
doortrigger
1274,159,36,184,12
2410,36,261,34,25
1281,-78,27,196,54
1113,-705,289,38,47
1284,-1358,26,194,87
2540,-1358,26,194,89
3694,-712,267,26,69
2703,48,252,26,63
gratedgate
3852,643,30,216
player
3132,232
beetle
4597,213,0
sceneend
