scene0
wall
400,5,1364,34,1
400,728,1364,34,1
-250,366,50,754,0
1056,131,50,277,0
1056,580,50,328,0
1247,254,436,34,1
1247,435,436,34,1
dummyobject
629,392,100,100,0
nextsceneobject
1234,352,100,100,0
player
310,502,100,100
sceneend
scene1
wall
53,230,686,34,1
48,389,682,34,1
416,56,38,384,0
416,560,38,384,0
928,-118,989,34,1
1440,56,38,384,0
1440,560,38,384,0
930,733,988,34,1
dummyobject
243,159,100,100,1
nextsceneobject
68,304,100,100,1
player
358,310,100,100
gate
452,144,32,208,0
1404,144,32,208,0
sceneend