scene0
player
310,502,100,100
beetleboss
510,502
wall
400,5,1364,34,1
400,728,1364,34,1
-250,366,50,754,0
1056,366,50,754,0
sceneend
scene1
player
310,502,100,100
wall
400,5,1364,34,1
400,728,1364,34,1
-250,366,50,754,0
1056,366,50,754,0
zombie
510,502,200,200
sceneend
scene2
player
310,502,100,100
wall
400,5,1364,34,1
400,728,1364,34,1
-250,366,50,754,0
1056,366,50,754,0
rock
710,200,100,100
710,550,100,100
10,200,100,100
10,550,100,100
#bouncingball
#300,400,80,80
bouncingball
100,400,80,80
sceneend