scene0
wall
400,5,1364,34,1
400,728,1364,34,1
-250,366,50,754,0
1056,131,50,277,0
1056,580,50,328,0
1247,254,436,34,1
1247,435,436,34,1
1797,434,666,34,1
1797,254,666,34,1
placer
-39,310,0
placer
1064,346,1
#laser
#500,430,400,20,0
dummyobject
26,392,100,100,1
629,392,100,100,0
nextsceneobject
1234,352,100,100,0
sceneend
scene1
placer
-139,310,0
placer
1492,310,1
wall
-634,230,686,34,1
-634,390,686,34,1
53,230,686,34,1
48,389,682,34,1
416,112,38,273,0
410,544,38,346,0
928,-6,1050,34,1
1440,112,38,273,0
1440,544,38,346,0
928,701,1050,34,1
1948,396,1050,34,1
1948,222,1050,34,1
dummyobject
243,159,100,100,1
dummyobject
1152,159,100,100,0
nextsceneobject
-266,304,100,100,1
nextsceneobject
1795,304,100,100,0
zombie
1125,550,200,200
gate
452,144,32,208,0
1404,144,32,208,0
sceneend
scene2
placer
190,310,0
1492,310,1
wall
-634,230,686,34,1
-634,390,686,34,1
53,230,686,34,1
48,389,682,34,1
416,112,38,273,0
410,544,38,346,0
928,-6,1050,34,1
1440,112,38,273,0
1440,544,38,346,0
928,701,1050,34,1
1767,230,686,34,1
1767,390,686,34,1
dummyobject
243,159,100,100,1
1516,166,100,100,0
nextsceneobject
68,304,100,100,1
2080,313,100,100,0
gate
452,144,32,208,0
1404,144,32,208,0
sceneend