scene0
platform
792,695,1184,65,1
2040,576,1184,65,1
3288,457,1184,65,1
4536,338,1184,65,1
pad
5342,311,297,242,0
#142,311,297,242,0
player
310,502,100,100
trigger
1992,404,320,276,0
sceneend
scene1
platform
792,695,1184,65,1
2850,651,1184,65,1
player
#-240,452,100,100
2600,558,100,100
pad
-240,721,297,242,1
movingplatform
1739,691,250,50,1
trigger
2834,483,320,276,1
pad
3631,691,297,242,0
sceneend
scene2
platform
792,695,1184,65,1
2850,651,1184,65,1
movingplatform
1739,691,250,50,1
player
#-240,452,100,100
2600,558,100,100
pad
-240,721,297,242,1
trigger
2834,483,320,276,2
sceneend